$ 1 0.000005 38.696464541249114 46 15 50 5e-11
165 336 160 384 160 6 11.999999880000003
g 432 320 432 368 0 0
w 336 288 304 288 0
w 336 256 304 256 0
r 304 192 304 128 0 1000
w 304 128 400 128 0
w 304 256 304 288 0
c 304 288 304 352 4 4.7e-7 5.863313650826084 0.001 0
g 304 352 304 368 0 0
w 464 192 464 128 0
w 464 128 400 128 0
R 304 128 192 128 0 0 40 12 0 0 0.5
M 464 224 496 224 0 2.5
w 336 192 304 192 0
w 272 192 208 192 0
d 272 240 272 192 2 default
d 208 192 208 240 2 default
174 272 240 208 272 1 10000 0.42080000000000006 Resistance
w 240 272 240 288 0
w 240 288 304 288 0
w 272 192 304 192 0
165 656 160 704 160 6 0
w 784 192 784 128 0
w 784 128 720 128 0
w 720 128 624 128 0
r 624 128 624 192 0 10000
w 624 192 656 192 0
L 656 256 576 256 0 1 false 5 0
M 784 224 816 224 0 2.5
w 656 288 624 288 0
c 624 288 624 352 4 0.00001 0.011988011988012021 0.001 0
g 624 352 624 368 0 0
w 624 352 752 352 0
w 752 352 752 320 0
w 624 288 624 192 0
R 624 128 576 128 0 0 40 12 0 0 0.5
w 336 480 304 480 0
M 464 512 496 512 0 2.5
R 304 416 192 416 0 0 40 12 0 0 0.5
w 464 416 400 416 0
w 464 480 464 416 0
g 304 640 304 656 0 0
c 304 576 304 640 4 4.7e-7 6.282613188830648 0.001 0
w 304 544 304 576 0
w 304 416 400 416 0
r 304 480 304 416 0 1000
w 336 544 304 544 0
w 336 576 304 576 0
g 432 608 432 656 0 0
165 336 448 384 448 6 11.999999880000003
r 304 480 304 544 0 1000
165 624 448 672 448 6 11.997752700441502
g 720 608 720 656 0 0
w 624 576 592 576 0
w 624 544 592 544 0
w 592 544 592 576 0
w 752 480 752 416 0
w 752 416 688 416 0
R 688 416 576 416 0 0 40 12 0 0 0.5
r 752 512 848 512 0 6800
r 752 512 752 608 0 10000
c 752 608 848 608 4 0.000001 4.240302168135016 0.001 0
g 848 608 848 656 0 0
M 848 512 880 512 0 2.5
w 752 608 592 608 0
w 592 608 592 576 0
c 848 512 848 608 4 3.2999999999999996e-7 1.9911820646274345 0.001 0
o 63 64 0 4098 20 0.1 0 1
