$ 1 0.000005 15.472767971186109 40 5 50 5e-11
t 160 192 112 192 0 1 0.2522159870409274 0.6178851200154115 100 default
t 160 192 208 192 0 1 0 0.6178851200154115 100 default
w 160 192 160 160 0
w 160 160 208 160 0
w 208 160 208 176 0
t 192 112 208 112 0 1 0.5397190845305762 0.6193463151236647 100 default
w 112 144 112 176 0
r 160 208 160 272 0 110.89
w 208 272 160 272 0
w 112 112 112 144 0
r 208 96 208 32 0 10000
r 112 96 112 32 0 10000
w 112 32 208 32 0
t 112 144 256 144 0 1 -22.362802658389434 0.621482656050929 100 default
t 256 112 304 112 0 -1 21.08024179278263 -0.7405953835440968 100 default
w 304 96 304 32 0
w 304 32 208 32 0
w 304 128 304 208 0
r 304 208 304 272 0 8
w 352 272 304 272 0
w 256 160 256 208 0
r 256 208 256 272 0 100
c 160 16 160 112 4 0.000009999999999999999 -1.5863492911929542 0.001 0
R 160 0 112 0 0 1 100 0.1 0.1 0 0.5
R 304 32 368 32 0 0 40 24 0 0 0.5
g 352 272 400 272 0 0
w 208 128 208 160 0
w 256 128 256 112 0
r 160 112 112 112 0 10000
w 112 112 112 96 0
w 160 112 192 112 0
w 160 0 160 16 0
w 304 272 256 272 0
w 256 272 208 272 0
w 208 208 208 224 0
w 208 224 160 208 0
w 160 208 112 224 0
w 112 224 112 208 0
o 18 32 0 4099 40 3.2 0 2 18 3
38 21 F1 0 100 1000 -1 Gain
38 7 F1 0 1 1000 -1 Resistance
