$ 1 0.000005 382.76258214399064 44 5 43 5e-11
c 336 192 240 192 4 0.000009999999999999999 1.4069275375973427 0.001 0.1
r 432 272 432 336 0 1000
w 432 176 432 272 0
w 288 80 384 80 0
r 288 144 288 80 0 3300
r 384 144 384 80 0 3300
w 384 336 288 336 0
r 384 272 384 336 0 330
r 288 272 288 336 0 330
t 336 192 384 192 0 1 0.5074295952753123 0.6013217723713888 100 default
w 384 224 384 240 0
w 336 224 384 224 0
w 336 256 336 224 0
t 336 256 384 256 0 1 0 0.6003788818193898 100 default
t 336 256 288 256 0 1 -0.061001823754017526 0.6003788818163631 100 default
w 432 336 384 336 0
t 336 160 432 160 0 1 -7.850551266264297 0.5766555295346704 100 default
t 432 144 480 144 0 -1 7.854325736264322 -0.6957682577022357 100 default
r 336 160 336 192 0 33000
w 336 160 288 160 0
w 288 144 288 160 0
w 288 160 288 240 0
w 384 176 384 144 0
w 384 208 384 224 0
w 480 160 480 272 0
r 480 272 480 336 0 22
w 480 336 432 336 0
w 480 80 384 80 0
R 544 80 608 80 0 0 40 5 0 0 0.5
g 544 336 592 336 0 0
l 544 80 544 128 0 0.0015 0.0342072963057619 0
w 544 128 480 128 0
w 480 80 544 80 0
c 480 128 480 80 4 1.2e-7 4.610330486253582 0.001 0.1
w 544 336 480 336 0
c 544 128 544 192 4 3.3e-8 8.005999575349161 0.001 0
w 544 192 336 192 0
R 240 192 192 192 0 1 217.85 0.1 0.1 0 0.5
o 30 16 0 4099 10 0.8 0 1
o 37 16 0 4098 0.625 0.0125 1 2 37 3
38 37 F1 3 5 500 -1 Frequency
