$ 1 0.000005 15.472767971186109 40 5 50 5e-11
t 160 192 112 192 0 1 0.3574759685223837 0.6183968484708595 100 default
t 160 192 208 192 0 1 0 0.6183958436047017 100 default
w 160 192 160 160 0
w 160 160 208 160 0
w 208 160 208 176 0
t 192 112 208 112 0 1 0.5470331407226456 0.6202102329554278 100 default
w 112 144 112 176 0
r 112 208 112 272 0 180
r 208 208 208 272 0 180
w 208 272 112 272 0
w 112 112 112 144 0
r 208 96 208 32 0 10000
r 112 96 112 32 0 10000
w 112 32 208 32 0
t 112 144 256 144 0 1 -22.584118483437702 0.596342391007789 100 default
t 256 112 304 112 0 -1 22.460117073626513 -0.7154551195854779 100 default
w 304 96 304 32 0
w 304 32 208 32 0
w 304 128 304 208 0
r 304 208 304 272 0 8
w 352 272 304 272 0
w 256 160 256 208 0
r 256 208 256 272 0 100
c 160 16 160 112 4 0.000009999999999999999 -1.481024202875139 0.001 0
R 160 0 112 0 0 1 100 0.1 0.1 0 0.5
R 304 32 368 32 0 0 40 24 0 0 0.5
g 352 272 400 272 0 0
w 208 128 208 160 0
w 256 128 256 112 0
r 160 112 112 112 0 10000
w 112 112 112 96 0
w 160 112 192 112 0
w 160 0 160 16 0
w 304 272 256 272 0
w 256 272 208 272 0
o 19 32 0 4099 40 3.2 0 2 19 3
38 22 F1 0 100 1000 -1 Gain

