$ 1 0.000005 15.472767971186109 34 5 50 5e-11
t 160 192 112 192 0 1 -3.6924485838791794 0.5908334852519073 100 default
t 160 192 208 192 0 1 0 0.5908334853585777 100 default
w 160 192 160 160 0
w 160 160 208 160 0
w 208 160 208 176 0
t 192 96 208 96 0 1 -5.129325923440621 0.5910883147304917 100 default
w 112 144 112 176 0
r 112 208 112 272 0 330
r 208 208 208 272 0 330
w 208 272 112 272 0
w 112 80 112 144 0
r 208 80 208 16 0 10000
r 112 80 112 16 0 10000
w 112 16 208 16 0
t 112 144 304 144 0 1 -9.665118829451057 0.6591946444169836 100 default
t 304 96 352 96 0 -1 6.296516840653995 -0.7740037119622514 100 default
w 352 80 352 16 0
w 352 16 208 16 0
w 352 112 352 208 0
r 352 208 352 272 0 8
w 352 272 304 272 0
w 304 160 304 208 0
r 304 208 304 272 0 330
w 304 272 208 272 0
c 64 96 64 192 4 0.000009999999999999999 1.2522222876942786 0.001 0
R 64 192 64 256 0 1 300 0.3 0.3 0 0.5
R 352 16 416 16 0 0 40 15 0 0 0.5
g 352 272 400 272 0 0
w 208 112 208 160 0
w 304 128 304 96 0
w 192 96 64 96 0
r 192 96 112 144 0 33000
c 192 96 304 96 4 0.0000056 -12.766479098599744 0.001 0
o 19 32 0 12291 14.8273700218463 1.8534212527307874 0 2 19 3
38 22 F1 0 1 5000 -1 Resistance
