$ 1 0.000005 159.55918304990493 50 5 50 5e-11
t 160 192 112 192 0 1 -10.951325602522997 0.5264402700670591 100 default
t 160 192 208 192 0 1 0 0.5264402709374084 100 default
w 160 192 160 160 0
w 160 160 208 160 0
w 208 160 208 176 0
t 80 96 208 96 0 1 -13.242241124953427 0.5266950916238249 100 default
w 112 128 112 176 0
r 112 208 112 272 0 100
r 208 208 208 272 0 100
w 208 272 112 272 0
w 112 80 112 128 0
w 112 128 256 128 0
r 208 80 208 16 0 10000
r 112 80 112 16 0 10000
w 112 16 208 16 0
t 256 128 304 128 0 1 -2.7260812909741894 0.6700629613292914 100 default
r 80 -16 256 -16 0 100000
w 80 -16 80 96 0
w 256 -16 256 128 0
t 304 112 352 112 0 -1 -0.045072400636760435 -0.7891756881981653 100 default
w 352 96 352 16 0
w 352 16 208 16 0
w 352 128 352 208 0
r 352 208 352 272 0 8
w 352 272 304 272 0
w 304 144 304 208 0
r 304 208 304 272 0 600.88
w 304 272 208 272 0
c 80 96 0 96 0 0.000001 1.0522577591350137 0.001
R 0 96 0 16 0 1 100 0.3 0.3 0 0.5
R 352 16 416 16 0 0 40 15 0 0 0.5
g 352 272 400 272 0 0
w 208 112 208 160 0
o 23 64 0 4099 20 3.2 0 2 23 3
38 26 F1 0 1 5000 -1 Resistance
