$ 1 0.000005 15.472767971186109 34 5 50 5e-11
t 160 192 112 192 0 1 0.38078415125110665 0.6056052847966686 100 default
t 160 192 208 192 0 1 0 0.6056012310312027 100 default
w 160 192 160 160 0
w 160 160 208 160 0
w 208 160 208 176 0
t 80 96 208 96 0 1 0.5526049118875014 0.6089371480195076 100 default
w 112 128 112 176 0
r 112 208 112 272 0 300
r 208 208 208 272 0 300
w 208 272 112 272 0
w 112 80 112 128 0
w 112 128 256 128 0
r 208 80 208 16 0 3000
r 112 80 112 16 0 3000
w 112 16 208 16 0
t 256 128 304 128 0 1 -3.6561171780755033 0.5532879033564606 100 default
r 80 -16 256 -16 0 30000
w 80 -16 80 96 0
w 256 -16 256 128 0
t 304 112 352 112 0 -1 4.171567299952204 -0.6724006318388502 100 default
w 352 96 352 16 0
w 352 16 208 16 0
w 352 128 352 208 0
r 352 208 352 272 0 8
w 352 272 304 272 0
w 304 144 304 208 0
r 304 208 304 272 0 600
w 304 272 208 272 0
c 80 96 0 96 0 0.000009999999999999999 1.084401668599344 0.001
R 0 96 0 16 0 1 100 0.3 0.3 0 0.5
R 352 16 416 16 0 0 40 5 0 0 0.5
g 352 272 400 272 0 0
w 208 112 208 160 0
o 23 64 0 4099 5 0.8 0 2 23 3
38 26 F1 0 1 5000 -1 Resistance
