$ 1 0.000005 382.76258214399064 63 5 43 5e-11
t 928 224 784 224 0 1 0.04338615944061752 0.14463511207664043 100 default
t 848 192 896 192 0 1 -0.04338615944061752 0.09891306812670635 100 default
w 896 176 896 128 0
w 848 128 896 128 0
w 896 208 896 272 0
r 896 272 896 336 0 100
r 960 272 960 336 0 100
w 960 336 896 336 0
w 896 336 784 336 0
w 960 128 896 128 0
r 960 128 1024 128 0 22000
l 848 128 848 192 0 0.47000000000000003 0.0000031893419423800662 0
w 784 192 816 192 0
R 1024 128 1056 128 0 0 40 5 0 0 0.5
g 960 336 1024 336 0 0
w 784 208 784 192 0
t 928 224 960 224 0 1 0 0.14227563106119798 100 default
w 960 272 960 240 0
w 960 192 960 128 0
w 928 224 928 192 0
w 928 192 960 192 0
w 960 192 960 208 0
176 784 192 784 160 2 default -0.25243904855834165 4e-11
r 720 160 784 160 0 10000
176 784 128 784 160 2 default -0.20905288911772413 4e-11
c 816 192 816 128 4 1.5e-11 -0.04338615944061752 0.001 0
w 784 128 816 128 0
w 816 128 848 128 0
w 816 192 848 192 0
R 720 160 688 160 0 1 425.75 0.2 0.2 0 0.5
r 784 272 784 336 0 100
w 784 272 784 240 0
o 11 2 0 4099 1.25 0.000390625 0 4 11 3 29 0 29 3
38 29 F1 3 5 500 -1 Frequency
