$ 1 0.000005 27.727228452313398 50 5 43 5e-11
w 752 0 752 32 0
w 752 -32 752 -128 0
f 928 -16 752 -16 32 1.5 0.02
w 752 32 752 48 0
w 704 32 752 32 0
w 704 64 704 32 0
w 752 192 816 192 0
w 752 80 752 144 0
r 752 144 752 192 0 100
t 704 64 752 64 0 1 0 0.43868030471465697 100 default
g 560 192 528 192 0 0
w 752 192 688 192 0
r 816 -64 816 192 0 22
w 560 80 560 96 0
w 560 48 560 32 0
t 704 64 560 64 0 1 -199.54266219445844 0.2093390720610404 100 default
w 560 192 688 192 0
r 688 144 688 192 0 100
r 560 144 560 192 0 100
w 560 96 560 112 0
w 624 96 560 96 0
w 624 128 624 96 0
t 624 128 560 128 0 1 0 0.2295756491788901 100 default
t 624 128 688 128 0 1 -199.7520012665195 0.22957562919374583 100 default
r 560 -64 560 32 0 10000000
w 704 -64 704 -144 0
R 560 -64 512 -64 0 0 40 200 0 0 0.5
f 688 32 688 -64 40 1.5 0.02
l 560 -64 672 -64 0 0.1 16.530922948307744 0
d 672 -64 672 -128 2 default
c 672 -128 560 -128 4 0.00009999999999999999 218.75441834926937 0.001 0.1
g 560 -128 528 -128 0 0
w 672 -128 752 -128 0
w 816 -128 816 -64 0
w 688 32 688 112 0
w 688 32 560 32 0
g 704 -144 704 -176 0 0
w 816 -128 752 -128 0
w 1088 0 1104 0 0
w 1040 0 1088 0 0
w 1088 -160 1088 0 0
r 1280 -160 1088 -160 0 1000
w 1280 -32 1280 -160 0
w 1280 -32 1232 -32 0
w 1232 -128 1232 -64 0
w 1168 -128 1232 -128 0
165 1104 -96 1120 -96 6 0.002580053627690827
R 1040 -128 1008 -128 0 0 40 5 0 0 0.5
w 1040 -128 1168 -128 0
r 1040 0 1040 -128 0 1000000
g 1040 96 1040 112 0 0
c 1040 32 1040 96 4 1.0000000000000001e-7 2.5826336813185176 0.001 0
w 1040 32 1104 32 0
w 1040 0 1040 32 0
w 1280 -32 1280 192 0
w 1280 192 928 192 0
w 928 192 928 -16 0
w 1040 96 1200 96 0
w 1200 96 1200 64 0
403 848 -96 976 -32 0 12_64_0_4099_320_12.8_-1_2_12_3
