$ 1 0.000005 45.7144713268909 50 5 43 5e-11
w 1328 96 1328 160 0
r 1568 -112 1568 -32 0 22
R 1328 -112 1280 -112 0 0 40 200 0 0 0.5
l 1360 -32 1408 -32 0 0.1 -0.5465952658868414 0
d 1328 -32 1328 -112 2 default
c 1488 -112 1488 -32 4 0.00009999999999999999 11.508437470162846 0.001 0.1
r 1408 -32 1456 -32 0 0.1
w 1456 -32 1488 -32 0
w 1488 -112 1328 -112 0
w 1328 -32 1360 -32 0
w 1488 -112 1568 -112 0
w 1568 -32 1488 -32 0
g 1328 160 1328 176 0 0
x 1354 69 1532 72 4 24 IPD60R280P7S
w 1328 48 1328 -32 0
t 1296 64 1328 64 0 -1 200.21854557976533 -0.5560910934809726 100 default
w 1328 80 1328 96 0
w 1328 96 1296 96 0
w 1008 32 1072 32 0
w 1216 0 1216 -112 0
w 1216 0 1200 0 0
w 1200 -96 1200 -32 0
w 1136 -96 1200 -96 0
165 1072 -64 1088 -64 6 0.010781937600762138
g 1008 160 1008 176 0 0
c 1136 96 1136 160 4 3.3e-7 7.99999999999911 0.001 0
w 1008 64 1072 64 0
w 1008 32 1008 64 0
c 1008 96 1008 160 4 3.3e-7 11.310213199347588 0.001 0
w 1136 160 1008 160 0
w 1168 96 1168 160 0
w 1168 160 1136 160 0
174 928 -144 944 -80 1 1000 0.9950000000000001 Duty Cicle
R 1136 -96 1136 -192 0 0 40 12 0 0 0.5
w 1216 -112 944 -112 0
w 1008 96 1008 64 0
d 928 -80 928 0 2 default
d 1008 0 1008 -80 2 default
w 1008 0 1008 32 0
w 1008 0 928 0 0
w 1008 -80 1008 -144 0
f 1216 80 1296 80 32 1.5 0.02
w 928 -144 1008 -144 0
w 1216 80 1216 0 0
o 5 2 0 4099 40 0.1 0 2 5 3
o 1 2 7 135427 320 12.8 1 1 40
o 19 2 0 4099 20 0.8 2 2 19 3
