$ 1 0.000005 2.008553692318767 30 5 43 5e-11
f 224 176 224 128 40 1.5 0.02
R 96 80 48 80 0 0 40 120 0 0 0.5
w 240 80 288 80 0
w 240 128 240 80 0
w 240 80 224 80 0
w 96 80 192 80 0
r 96 80 96 176 0 10000000
t 208 128 208 80 1 -1 2.982225858442959 -0.8170218869041292 100 default
w 96 176 224 176 0
t 160 272 224 272 0 1 -119.76738216594542 0.22018883951691615 100 default
t 160 272 96 272 0 1 0 0.22018885150363104 100 default
w 160 272 160 240 0
w 160 240 96 240 0
w 96 240 96 256 0
r 96 288 96 336 0 100
r 224 288 224 336 0 100
w 96 336 224 336 0
w 224 256 224 176 0
t 240 208 96 208 0 1 -119.56343806739349 0.2039440985519297 100 default
w 96 192 96 176 0
w 96 224 96 240 0
r 352 80 352 336 0 22
w 288 336 224 336 0
g 96 336 64 336 0 0
t 240 208 288 208 0 1 0 0.424000068508605 100 default
r 288 288 288 336 0 100
w 288 224 288 288 0
w 288 336 352 336 0
w 288 80 352 80 0
w 240 208 240 176 0
w 240 176 288 176 0
w 288 176 288 192 0
r 368 80 432 80 0 1000
f 368 128 288 128 32 1.5 0.02
w 368 80 368 128 0
g 432 80 464 80 0 0
w 288 112 288 80 0
w 288 144 288 176 0
s 368 128 432 128 0 1 false
R 432 128 464 128 0 0 40 5 0 0 0.5
