$ 1 0.000005 32.755850052045055 46 5 43 5e-11
T 288 144 384 224 0 1 0.1 0.31639006456123075 -4.964738171137789 0.999
p 224 144 224 224 3 0 0 10000000
w 224 224 288 224 0
w 288 144 224 144 0
w 64 96 80 96 0
w 64 96 64 112 0
t 96 112 96 96 0 -1 0.23665869789605537 -0.8154112632342567 100 default
t 96 256 96 272 0 -1 7.7832101401256395 -0.5000755492374811 100 default
w 64 256 64 272 0
w 64 272 80 272 0
t 496 256 496 272 0 -1 2.9013030614166286 -0.8154112492202508 100 default
w 480 272 464 272 0
w 464 272 464 256 0
t 496 112 496 96 0 -1 10.445229766819354 -0.5027002720503333 100 default
w 480 96 464 96 0
w 464 96 464 112 0
w 544 272 512 272 0
w 560 96 512 96 0
w 384 96 384 144 0
w 384 224 384 272 0
w 64 272 32 272 0
w 32 272 32 208 0
w 32 160 32 96 0
w 32 96 64 96 0
r 80 160 32 160 0 10000
f 80 160 80 112 32 1.5 0.02
f 80 208 80 256 32 1.5 0.02
r 480 160 544 160 0 10000
f 480 160 480 112 32 1.5 0.02
f 480 208 480 256 32 1.5 0.02
w 560 96 560 272 0
w 544 272 560 272 0
w 544 160 544 80 0
w 464 96 384 96 0
w 384 96 112 96 0
w 464 272 384 272 0
w 384 272 112 272 0
r 80 208 32 208 0 10000
w 32 208 32 160 0
w 32 96 32 80 0
w 544 80 32 80 0
r 480 208 544 208 0 10000
w 544 208 544 160 0
R 560 288 608 288 4 5 60 12 0 0 0.5
I 560 304 432 304 0 0.5 12
w 560 288 560 304 0
w 560 288 448 288 0
w 448 288 448 160 0
w 448 160 480 160 0
w 480 208 432 208 0
w 432 208 432 304 0
w 448 288 144 288 0
w 128 160 80 160 0
w 80 208 144 208 0
w 144 208 144 288 0
w 128 304 432 304 0
w 128 160 128 304 0
181 288 144 288 224 0 1426.9019188179964 50 120 0.4 0.4
R 560 96 640 96 0 0 40 12 0 0 0.5
g 544 80 624 80 0 0
c 384 144 384 224 4 0.000009999999999999999 -7.231215728232808 0.001 0
d 464 272 512 272 2 default
d 464 96 512 96 2 default
d 64 96 112 96 2 default
d 64 272 112 272 2 default
o 57 64 0 4354 160 0.1 0 2 57 3
o 60 64 0 4354 20 0.1 1 2 60 3
