$ 1 0.000005 382.76258214399064 40 5 50 5e-11
T 704 176 640 224 4 0.01 1 -0.05972395097055393 0.0010682528741634417 0.999
162 736 176 736 272 2 default-led 1 0 0 0.01
w 640 272 704 272 0
g 640 272 608 272 0 0
R 640 112 592 112 0 0 40 1.3 0 0 0.5
w 640 112 704 112 0
w 704 112 704 128 0
w 640 128 640 112 0
t 640 224 704 224 0 1 0.5702926174516173 0.7016701632637958 100 default
w 704 208 704 176 0
w 736 176 704 176 0
w 704 272 736 272 0
c 640 128 640 176 4 2.7e-7 -1.1677119750149008 0.001 0
w 704 240 704 272 0
r 640 224 640 176 0 1800
o 1 64 0 4354 5 0.1 0 2 1 3
