$ 1 0.000005 10.20027730826997 49 5 43 5e-11
t 320 192 320 144 1 -1 195.0523838167561 -0.7316787632313719 100 default
f 336 240 336 192 40 1.5 0.02
w 176 144 304 144 0
R 176 144 96 144 0 0 40 200 0 0 0.5
t 256 416 176 416 0 1 0 0.47551466520158947 100 default
t 256 416 336 416 0 1 -5.6784882330384585 0.47551466464471304 100 default
w 256 416 256 384 0
w 176 384 256 384 0
w 176 400 176 384 0
r 336 432 336 512 0 100
w 336 512 176 512 0
g 176 512 112 512 0 0
w 336 144 352 144 0
r 432 432 432 512 0 100
w 432 512 336 512 0
w 432 432 432 336 0
w 432 144 560 144 0
r 560 144 560 512 0 22
w 560 512 432 512 0
p 688 144 688 512 3 0 0 0
w 560 144 688 144 0
w 688 512 560 512 0
r 432 144 432 240 0 1000
r 176 432 176 512 0 100
r 176 240 176 144 0 10000000
w 176 288 176 240 0
w 176 320 176 384 0
w 176 240 336 240 0
w 336 240 336 400 0
w 352 192 352 144 0
w 432 240 432 272 0
w 432 144 352 144 0
w 432 272 384 272 0
w 432 336 432 320 0
t 384 304 432 304 0 1 0 0.6259000454766762 100 default
w 432 272 432 288 0
w 384 272 384 304 0
t 384 304 176 304 0 1 -5.2027187673209605 0.47576946571749795 100 default
o 19 32 0 4098 320 0.1 0 1
38 22 F1 0 1000 100000 -1 Resistance
