$ 1 0.000005 10.20027730826997 50 5 43 5e-11
162 240 256 240 304 2 default-led 1 0 0 0.01
162 304 304 304 256 2 default-led 1 0 0 0.01
r 304 224 304 176 0 300
r 240 224 240 176 0 300
t 192 240 240 240 0 -1 -0.15888663222875188 0.000017695443871090788 100 default
t 352 240 304 240 1 1 -16.535178166900433 0.6678916113769384 100 default
t 144 272 192 272 0 1 -0.00001770821301860792 -11.999999986568222 100 default
t 400 272 352 272 1 -1 -0.56630220012529 -0.6708936413754651 100 default
w 352 240 352 256 0
w 352 288 352 304 0
r 352 304 304 304 0 1000
r 240 304 192 304 0 1000
w 192 304 192 288 0
w 192 256 192 240 0
R 240 176 240 112 0 0 40 12 0 0 0.5
g 304 176 304 128 0 0
r 400 176 400 224 0 10000
w 400 224 400 272 0
r 144 176 144 224 0 10000
w 144 224 144 272 0
w 144 176 192 176 0
w 352 176 400 176 0
z 352 176 352 224 2 default-zener
w 192 176 240 176 0
z 192 224 192 176 2 default-zener
w 352 176 304 176 0
R 368 336 368 400 0 0 40 12 0 0 0.5
g 416 336 416 384 0 0
w 240 304 272 304 0
w 272 304 304 304 0
R 272 304 272 368 0 2 200 12 12 0 0.5
w 192 224 192 240 0
w 352 224 352 240 0
