$ 1 0.000005 18.278915558614752 43 15 60 5e-11
w 176 32 272 32 0
R 128 32 80 32 0 0 40 15 0 0 0.5
R 128 336 80 336 0 0 40 -15 0 0 0.5
w 272 128 272 160 0
t 224 96 176 96 0 -1 0 -0.5475443685198123 100 default
t 224 96 272 96 0 -1 6.323306676415928 -0.5475443681208532 100 default
w 224 96 224 128 0
w 176 128 224 128 0
w 272 128 272 112 0
w 176 144 176 160 0
w 176 192 176 224 0
w 176 224 224 224 0
w 224 224 272 224 0
w 272 224 272 192 0
w 224 224 224 256 0
t 176 272 224 272 0 1 -14.153827036891501 0.5633947254303138 100 default
t 176 272 128 272 0 1 0 0.5633947261008245 100 default
w 128 240 128 80 0
r 128 80 128 32 0 100000
w 128 32 176 32 0
w 128 240 176 240 0
w 176 240 176 272 0
w 128 240 128 256 0
w 224 336 128 336 0
r 320 128 320 176 0 260000.74
r 320 176 320 304 0 10000
w 320 176 304 176 0
w 176 144 176 128 0
368 320 128 384 128 0 0
t 304 176 272 176 0 1 -7.825021536904767 0.5420089588453699 100 default
t 144 176 176 176 0 1 -14.14228061436033 0.548056557805736 100 default
w 176 128 176 112 0
w 320 128 272 128 0
c 144 176 112 176 0 0.000009999999999999999 0.00005203153933935889 0.001
R 112 176 64 176 0 1 100 0.3 0.3 0 0.5
r 224 336 224 288 0 100
r 128 288 128 336 0 100
r 176 32 176 80 0 100
r 272 32 272 80 0 100
g 320 304 320 320 0 0
o 28 64 0 4099 20 25.6 0 2 28 3
38 24 F1 0 1 1000000 -1 Resistance
