$ 1 0.000005 10.20027730826997 50 5 43 5e-11
c 160 128 160 64 4 0.00001 -0.4999382937931307 -10 0
l 224 64 224 128 0 0.08 -0.0012579373935872158 0
w 224 128 160 128 0
r 160 64 160 16 0 10000
w 224 64 160 64 0
R 160 16 112 16 0 0 40 5 0 0 0.5
t 224 176 160 176 0 1 0.4999382937931307 0.5596329863225098 100 default
t 224 176 288 176 0 1 0 0.5583618423977901 100 default
w 160 128 160 160 0
r 160 192 160 256 0 100
r 288 192 288 256 0 100
w 288 256 160 256 0
g 160 256 128 256 0 0
w 288 64 224 64 0
w 224 176 224 144 0
w 224 144 288 144 0
w 288 160 288 144 0
t 224 128 368 128 0 1 -4.298417803872746 0.08239381395055467 100 default
w 368 144 368 192 0
r 368 192 368 256 0 100
w 368 256 288 256 0
t 368 112 416 112 0 -1 4.3259719908210945 -0.6191883814945092 100 default
w 416 96 416 16 0
w 160 16 416 16 0
w 416 128 416 192 0
r 416 192 416 256 0 22
w 416 256 368 256 0
c 288 64 368 64 4 0.000001 -3.7984795100796154 0.001 0
w 288 64 288 144 0
w 368 64 368 112 0
o 1 64 0 4099 10 0.1 0 2 1 3
o 0 64 0 4099 10 51.2 1 2 0 3
o 25 64 0 4354 5 0.1 2 2 25 3
38 0 F1 0 0.000001 0.000101 -1 Capacitance
38 1 F1 0 0.01 1.01 -1 Inductance
