$ 1 0.000005 10.20027730826997 50 5 43 5e-11
c 176 128 176 64 4 0.000001 -0.2956320673681846 -10 0
l 224 64 224 128 0 0.1 0.001999344410058958 0
w 224 128 176 128 0
r 176 64 176 16 0 10000
w 224 64 176 64 0
R 176 16 128 16 0 0 40 12 0 0 0.5
t 256 176 176 176 0 1 0.2956320673681846 0.5815739637975539 100 default
t 256 176 288 176 0 1 0 0.5815736952036613 100 default
w 176 128 176 160 0
r 176 192 176 256 0 100
r 288 192 288 256 0 100
w 288 256 176 256 0
g 176 256 144 256 0 0
w 288 64 224 64 0
w 256 176 256 144 0
w 256 144 288 144 0
w 288 160 288 144 0
t 224 128 352 128 0 1 -11.02369791538628 0.34474123485275754 100 default
w 352 144 352 192 0
r 352 192 352 256 0 100
w 352 256 288 256 0
t 352 112 416 112 0 -1 11.279987855196964 -0.6315548340706201 100 default
w 416 96 416 16 0
w 176 16 416 16 0
w 416 128 416 192 0
r 416 192 416 256 0 22
w 416 256 352 256 0
c 288 64 352 64 4 0.000001 -10.728065848018097 0.001 0
w 288 64 288 144 0
w 352 64 352 112 0
o 1 64 0 4099 2.5 0.00625 0 2 1 3
o 0 64 0 4099 2.5 0.00625 1 2 0 3
o 25 64 0 4354 20 0.1 2 2 25 3
38 0 F1 0 0.000001 0.000101 -1 Capacitance
38 1 F1 0 0.01 1.01 -1 Inductance
