$ 1 0.000005 15.472767971186109 36 5 43 5e-11
r 1408 -112 1408 -32 0 22
R 1232 -112 1232 -192 0 0 40 200 0 0 0.5
d 1232 -32 1232 -112 2 default
c 1328 -112 1328 -32 4 0.001 29.410402410062602 0.001 0.1
w 1328 -112 1232 -112 0
w 1328 -112 1408 -112 0
w 1232 16 1232 -32 0
p 1488 -112 1488 -32 3 0 0 10000000
w 1488 -32 1408 -32 0
w 1488 -112 1408 -112 0
t 1280 64 1280 16 1 -1 0.1709808798034808 -0.786887877591351 100 default
f 1152 80 1248 80 32 1.5 0.02
w 1232 16 1264 16 0
r 1408 -32 1408 96 0 100000
l 1232 -32 1328 -32 0 0.1 -1.744021654941988 0
34 zener-5.6 1 1.7143528192810002e-7 0 2.0000000000000084 5.6 1
z 1328 96 1408 96 2 zener-5.6
w 1328 160 1408 160 0
w 1328 160 1328 96 0
w 1328 96 1328 16 0
w 1328 16 1296 16 0
w 1328 96 1248 96 0
w 1408 -32 1328 -32 0
w 1248 64 1280 64 0
a 1408 224 1200 224 8 15 -15 1000000 4.746598471817552 4.723939824332577 100000
w 1408 208 1488 208 0
w 1488 208 1488 128 0
w 1488 128 1440 128 0
R 1408 240 1504 240 0 1 300 2.5 2.5 0 0.5
174 1408 96 1440 160 1 5000 0.1436 Resistance
g 1328 160 1216 160 0 0
d 1152 224 1152 80 2 default
w 1200 224 1152 224 0
r 1152 -32 1152 -112 0 1000
g 1152 -112 1152 -176 0 0
403 992 128 1120 192 0 31_64_0_4099_20_0.025_-1_2_31_3
w 1152 -32 1152 80 0
