$ 1 0.000005 105.18789638808724 50 5 43 5e-11
201 224 208 176 208 0 1000 100 0.5 200
t 272 288 224 288 0 1 0.00004939947818771717 -0.3957789369312559 100 default
c 272 288 272 208 4 3.124e-11 0.00004939947818771717 0.001 0
l 336 208 336 288 0 0.00035000006499999995 7.78582765044316e-9 0
w 224 208 272 208 0
w 272 208 336 208 0
w 224 208 224 272 0
g 224 304 224 400 0 0
w 272 288 336 288 0
t 400 304 336 304 0 1 -0.00004939947818771717 -0.3958283364094436 100 default
g 336 320 336 400 0 0
w 400 304 400 208 0
w 400 208 336 208 0
r 400 208 480 208 0 2200
R 480 208 528 208 0 0 40 5 0 0 0.5
c 400 304 448 304 4 2.1999999999999998e-7 -0.23791693895659544 0.001 0
174 448 304 448 368 1 1000 0.005 Resistance
g 448 368 448 400 0 0
r 512 384 512 336 0 1000
g 512 240 544 240 0 0
r 512 384 608 384 0 10000
w 608 384 608 320 0
r 608 320 608 240 0 22
g 608 240 608 208 0 0
a 512 320 608 320 9 15 -15 1000000 -1.795322386503434e-8 0 100000
w 512 304 512 240 0
d 464 336 512 336 2 default
c 608 320 688 320 4 0.001 0.001795322386503434 0.001 0
g 688 320 688 384 0 0
o 0 32 0 4099 2.5 0.0125 0 2 0 3
o 22 32 0 4099 2.5 0.2 1 2 22 3
38 3 F1 0 1e-10 0.001 -1 Inductance
38 2 F1 0 1e-12 1.09e-10 -1 Capacitance
38 0 F1 2 10 100 -1 Signal\sFrequency
