$ 1 0.000005 10.20027730826997 50 5 43 5e-11
t 320 192 320 144 1 -1 8.498668963860837 -0.8509120773398422 100 default
f 336 240 336 192 40 1.5 0.02
t 256 336 256 240 1 1 -3.001469005654826 0.44505559790883353 100 default
w 272 240 336 240 0
w 240 240 176 240 0
w 176 240 176 144 0
w 176 144 304 144 0
R 176 144 96 144 0 0 40 440 0 0 0.5
r 176 240 176 336 0 1000000
w 176 336 256 336 0
t 256 416 176 416 0 1 -436.5525727147234 0.44505796816871995 100 default
t 256 416 336 416 0 1 0 0.44505809475876396 100 default
w 256 416 256 384 0
w 256 384 336 384 0
w 336 384 336 400 0
w 176 400 176 336 0
r 176 432 176 512 0 300
r 336 432 336 512 0 300
w 336 512 176 512 0
g 176 512 112 512 0 0
w 416 192 352 192 0
w 336 144 416 144 0
w 416 144 416 192 0
t 480 416 416 416 0 1 0.6030295106445297 0.6324700509095609 100 default
w 336 352 336 384 0
w 336 320 336 240 0
r 416 432 416 512 0 300
w 416 512 336 512 0
w 416 400 416 336 0
t 480 416 544 416 0 1 0 0.622886792728459 100 default
w 480 416 480 384 0
w 480 384 544 384 0
w 544 384 544 400 0
r 544 432 544 512 0 300
w 544 512 416 512 0
w 416 144 544 144 0
w 544 144 672 144 0
r 672 144 672 512 0 22
w 672 512 544 512 0
p 800 144 800 512 3 0 0
w 672 144 800 144 0
w 800 512 672 512 0
t 480 256 416 256 0 -1 428.6997269224819 -0.6059904637991735 100 default
w 416 272 416 336 0
t 480 256 544 256 0 -1 0 -0.6328280347013333 100 default
w 480 256 480 288 0
w 544 288 480 288 0
w 544 272 544 288 0
r 544 384 544 288 0 100000
r 416 192 416 240 0 300
r 544 192 544 240 0 100
w 544 192 544 144 0
t 416 336 336 336 0 1 -435.66221164109345 0.4453054757211027 100 default
o 39 32 0 4098 640 0.1 0 1
38 48 F1 0 1 100000 -1 Resistance
