$ 1 0.000005 10.20027730826997 50 5 43 5e-11
t 320 192 320 144 1 -1 436.5235356594534 -0.7221907917768249 100 default
f 336 240 336 192 40 1.5 0.02
t 256 352 256 240 1 1 -434.7757781542637 0.6049009141749062 100 default
w 272 240 336 240 0
w 240 240 176 240 0
w 176 240 176 144 0
w 176 144 304 144 0
R 176 144 96 144 0 0 40 440 0 0 0.5
r 176 240 176 352 0 300000
w 176 352 256 352 0
t 256 416 176 416 0 1 -4.1845420575860635 0.6049034575457957 100 default
t 256 416 336 416 0 1 0 0.6049034576179686 100 default
w 256 416 256 384 0
w 256 384 336 384 0
w 336 384 336 400 0
w 176 400 176 352 0
r 176 432 176 512 0 300
r 336 432 336 512 0 300
w 336 512 176 512 0
g 176 512 112 512 0 0
t 416 336 336 336 0 1 -2.974482856276363 0.605158287134794 100 default
w 416 192 352 192 0
w 336 144 416 144 0
w 416 144 416 192 0
t 480 416 416 416 0 1 0.46790004357316617 0.6365580887092921 100 default
w 336 352 336 384 0
w 336 320 336 240 0
r 416 432 416 512 0 300
w 416 512 336 512 0
w 416 400 416 336 0
t 480 416 544 416 0 1 0 0.6365209986071325 100 default
w 480 416 480 384 0
w 480 384 544 384 0
w 544 384 544 400 0
r 544 432 544 512 0 300
w 544 512 416 512 0
w 416 144 544 144 0
w 544 144 672 144 0
r 672 144 672 512 0 22
w 672 512 544 512 0
p 800 144 800 512 3 0 0
w 672 144 800 144 0
w 800 512 672 512 0
t 480 256 416 256 0 -1 0.47287674221303444 -0.6365587312717014 100 default
w 416 240 416 192 0
w 416 288 416 336 0
t 480 256 544 256 0 -1 0 -0.6365587312717014 100 default
w 416 272 416 288 0
w 544 240 544 144 0
w 480 256 480 288 0
w 544 288 480 288 0
w 544 272 544 288 0
r 544 384 544 288 0 1
o 40 64 0 4098 640 0.1 0 1
38 52 F1 0 1 150000 -1 Resistance
