$ 1 0.000005 10.20027730826997 50 5 43 5e-11
t 320 192 320 144 1 -1 418.8742698163287 -0.7721129610567914 100 default
f 336 240 336 192 40 1.5 0.02
t 256 352 256 240 1 1 -416.5829633613667 0.6037953191981877 100 default
w 272 240 336 240 0
w 240 240 176 240 0
w 176 240 176 144 0
w 176 144 304 144 0
R 176 144 96 144 0 0 40 440 0 0 0.5
r 176 240 176 352 0 300000
w 176 352 256 352 0
t 256 416 176 416 0 1 -22.674377614003014 0.6037978622805469 100 default
t 256 416 336 416 0 1 0 0.603797862638146 100 default
w 256 416 256 384 0
w 256 384 336 384 0
w 336 384 336 400 0
w 176 400 176 352 0
r 176 432 176 512 0 100
r 336 432 336 512 0 100
w 336 512 176 512 0
g 176 512 112 512 0 0
t 416 336 336 336 0 1 -21.46652960334042 0.6040526914644079 100 default
r 416 336 416 192 0 300000
w 416 192 352 192 0
w 336 144 416 144 0
w 416 144 416 192 0
t 480 416 416 416 0 1 0.6198363015390524 0.6380136613538379 100 default
w 336 352 336 384 0
w 336 320 336 240 0
r 416 432 416 512 0 500
w 416 512 336 512 0
w 416 400 416 336 0
t 480 416 544 416 0 1 0 0.6209129615169777 100 default
w 480 416 480 384 0
w 480 384 544 384 0
w 544 384 544 400 0
r 544 432 544 512 0 500
w 544 512 416 512 0
w 416 144 544 144 0
174 544 240 592 288 1 100000 0.0347 Resistance
w 544 240 544 144 0
w 544 304 544 384 0
w 592 272 592 304 0
w 592 304 544 304 0
w 544 144 672 144 0
r 672 144 672 512 0 22
w 672 512 544 512 0
p 800 144 800 512 3 0 0
w 672 144 800 144 0
w 800 512 672 512 0
